--------------------------------

3 1 

--------------------------------

training data

0.32 7.94 8.76 28.65
0.39 6.03 9.96 24.17
0.99 4.99 0.30 25.02
0.14 6.65 4.09 10.07
0.85 3.63 7.69 18.94
0.69 5.51 4.00 24.90
0.12 8.99 2.17 11.89
0.25 9.23 3.03 24.54
0.26 5.97 0.08 9.19
0.19 0.69 8.82 8.92
0.08 4.26 2.81 4.31
0.83 7.40 6.46 51.93
0.43 4.85 5.06 15.15
0.95 0.10 1.49 1.50
0.77 1.33 2.15 3.52
0.57 0.69 5.33 5.61
0.67 5.42 7.71 27.35
0.42 0.50 5.16 5.27
0.98 3.44 4.77 16.31
0.45 0.34 2.82 2.87
0.18 8.59 8.45 21.61
0.57 0.43 3.42 3.53
0.94 4.89 3.26 25.79
0.17 0.06 0.53 0.53
0.95 3.03 4.19 12.87
0.19 5.53 3.03 8.75
0.21 5.06 7.05 12.34
0.58 6.92 2.04 29.86
0.43 4.15 0.32 7.67
0.17 5.34 5.98 10.84
0.80 2.71 0.85 6.75
0.06 7.18 8.96 12.21
0.65 9.07 6.73 60.43
0.30 9.78 2.46 31.08
0.21 9.50 0.20 19.38
0.01 7.16 1.06 1.34
0.41 2.68 6.30 9.21
0.09 7.13 0.81 5.30
0.21 2.77 1.12 2.75
0.69 4.56 6.81 21.27
0.40 0.32 0.08 0.12
0.06 5.47 8.45 10.12
0.16 9.08 5.75 18.98
0.37 2.51 4.29 6.65
0.58 5.74 0.63 19.63
0.33 5.40 8.78 18.45
0.19 8.11 7.42 19.70
0.28 6.15 3.65 14.37
0.25 0.19 2.58 2.59
1.00 3.57 4.08 16.78
0.45 4.32 5.52 13.99
0.61 0.21 2.89 2.91
0.02 8.43 8.59 9.80
0.85 4.32 2.23 18.15
0.62 9.51 3.50 59.60
0.03 5.07 7.20 8.10
0.27 1.69 8.43 9.20
0.42 0.56 7.03 7.16
0.63 3.54 2.61 10.51
0.27 9.91 9.03 35.43
0.56 4.25 9.84 20.04
0.04 4.35 6.40 7.14
0.08 3.11 8.64 9.44
0.55 2.16 1.65 4.21
0.01 1.55 1.31 1.34
0.65 3.51 1.74 9.71
0.56 9.88 9.97 64.57
0.42 5.19 2.93 14.16
0.71 1.19 9.47 10.47
0.60 1.90 3.27 5.43
0.70 8.32 1.89 50.52
0.19 9.39 8.28 25.20
0.12 6.23 7.62 12.31
0.33 8.41 1.46 25.14
0.08 2.01 5.20 5.52
0.95 5.52 2.54 31.62
0.48 0.87 5.91 6.27
0.14 3.21 3.70 5.12
0.45 3.49 5.21 10.68
0.30 4.92 9.95 17.29
0.37 2.91 9.54 12.66
0.29 9.07 7.35 31.36
0.56 7.30 2.66 32.47
0.34 6.63 8.72 23.48
0.80 5.47 7.39 31.47
0.18 0.67 5.88 5.96
0.34 9.56 7.86 38.54
0.55 8.84 3.18 46.08
0.75 1.49 0.90 2.55
0.62 6.28 4.12 28.44
0.97 8.98 6.38 84.14
0.08 9.69 0.79 8.65
0.01 9.26 1.15 1.81
0.44 2.94 0.99 4.75
0.37 4.16 6.84 13.29
0.75 1.48 4.21 5.85
0.44 5.55 1.36 14.91
0.13 9.69 4.02 15.95
0.42 1.10 9.75 10.27
0.66 2.13 0.36 3.36

-------------------------------

validation data

0.56 4.21 2.00 11.99
0.44 2.21 9.35 11.48
0.27 1.45 0.62 1.19
0.99 8.21 7.93 74.38
0.83 3.23 6.74 15.40
0.37 7.05 3.95 22.41
0.42 7.64 0.84 25.19
0.50 5.77 3.25 19.82
0.19 1.88 9.53 10.20
0.04 4.82 2.61 3.59

-------------------------------

test data

0.22 5.21 6.09
0.83 7.71 1.12
0.85 1.08 5.92
0.71 8.24 2.45
0.02 4.55 3.99

--------------------------------