30 435

1 2 173
1 3 25
1 4 116
1 5 113
1 6 85
1 7 110
1 8 81
1 9 18
1 10 110
1 11 99
1 12 151
1 13 43
1 14 94
1 15 29
1 16 84
1 17 107
1 18 107
1 19 189
1 20 113
1 21 125
1 22 111
1 23 187
1 24 81
1 25 63
1 26 7
1 27 120
1 28 159
1 29 51
1 30 198
2 3 67
2 4 107
2 5 106
2 6 101
2 7 104
2 8 177
2 9 19
2 10 65
2 11 173
2 12 77
2 13 51
2 14 43
2 15 86
2 16 7
2 17 143
2 18 137
2 19 166
2 20 100
2 21 176
2 22 46
2 23 123
2 24 182
2 25 30
2 26 67
2 27 111
2 28 60
2 29 122
2 30 49
3 4 145
3 5 150
3 6 74
3 7 185
3 8 168
3 9 28
3 10 101
3 11 197
3 12 21
3 13 176
3 14 183
3 15 192
3 16 198
3 17 90
3 18 167
3 19 3
3 20 56
3 21 116
3 22 170
3 23 69
3 24 182
3 25 20
3 26 85
3 27 97
3 28 60
3 29 38
3 30 138
4 5 107
4 6 186
4 7 89
4 8 125
4 9 69
4 10 37
4 11 199
4 12 21
4 13 175
4 14 151
4 15 84
4 16 112
4 17 127
4 18 184
4 19 110
4 20 15
4 21 2
4 22 159
4 23 67
4 24 177
4 25 200
4 26 105
4 27 20
4 28 83
4 29 156
4 30 18
5 6 117
5 7 75
5 8 60
5 9 162
5 10 137
5 11 62
5 12 177
5 13 19
5 14 72
5 15 107
5 16 14
5 17 159
5 18 139
5 19 165
5 20 110
5 21 7
5 22 83
5 23 139
5 24 71
5 25 169
5 26 61
5 27 102
5 28 150
5 29 93
5 30 166
6 7 106
6 8 132
6 9 118
6 10 154
6 11 71
6 12 60
6 13 156
6 14 127
6 15 130
6 16 168
6 17 142
6 18 43
6 19 180
6 20 12
6 21 11
6 22 14
6 23 85
6 24 174
6 25 168
6 26 197
6 27 30
6 28 113
6 29 107
6 30 135
7 8 51
7 9 199
7 10 182
7 11 90
7 12 14
7 13 100
7 14 72
7 15 132
7 16 12
7 17 98
7 18 125
7 19 31
7 20 123
7 21 122
7 22 155
7 23 174
7 24 168
7 25 121
7 26 62
7 27 22
7 28 16
7 29 106
7 30 123
8 9 121
8 10 79
8 11 43
8 12 194
8 13 15
8 14 180
8 15 181
8 16 84
8 17 186
8 18 136
8 19 84
8 20 56
8 21 173
8 22 184
8 23 16
8 24 137
8 25 89
8 26 66
8 27 32
8 28 149
8 29 120
8 30 91
9 10 195
9 11 94
9 12 157
9 13 177
9 14 124
9 15 154
9 16 121
9 17 70
9 18 157
9 19 194
9 20 53
9 21 164
9 22 15
9 23 44
9 24 34
9 25 178
9 26 49
9 27 121
9 28 4
9 29 94
9 30 187
10 11 191
10 12 167
10 13 151
10 14 96
10 15 82
10 16 127
10 17 110
10 18 95
10 19 171
10 20 135
10 21 85
10 22 38
10 23 47
10 24 122
10 25 186
10 26 6
10 27 36
10 28 107
10 29 182
10 30 14
11 12 59
11 13 81
11 14 181
11 15 41
11 16 122
11 17 61
11 18 100
11 19 40
11 20 55
11 21 48
11 22 103
11 23 27
11 24 18
11 25 169
11 26 43
11 27 127
11 28 167
11 29 118
11 30 75
12 13 109
12 14 200
12 15 117
12 16 2
12 17 148
12 18 100
12 19 177
12 20 78
12 21 126
12 22 6
12 23 26
12 24 51
12 25 196
12 26 108
12 27 189
12 28 92
12 29 105
12 30 36
13 14 47
13 15 163
13 16 59
13 17 42
13 18 145
13 19 173
13 20 107
13 21 167
13 22 132
13 23 26
13 24 88
13 25 184
13 26 47
13 27 181
13 28 144
13 29 141
13 30 18
14 15 53
14 16 127
14 17 69
14 18 18
14 19 8
14 20 200
14 21 20
14 22 123
14 23 59
14 24 113
14 25 57
14 26 154
14 27 194
14 28 45
14 29 62
14 30 15
15 16 59
15 17 69
15 18 68
15 19 106
15 20 129
15 21 142
15 22 142
15 23 185
15 24 27
15 25 172
15 26 89
15 27 177
15 28 11
15 29 148
15 30 68
16 17 163
16 18 187
16 19 108
16 20 24
16 21 30
16 22 27
16 23 197
16 24 11
16 25 196
16 26 66
16 27 138
16 28 84
16 29 164
16 30 48
17 18 49
17 19 140
17 20 74
17 21 123
17 22 56
17 23 67
17 24 136
17 25 167
17 26 101
17 27 160
17 28 127
17 29 182
17 30 128
18 19 131
18 20 122
18 21 190
18 22 106
18 23 13
18 24 104
18 25 18
18 26 6
18 27 69
18 28 5
18 29 7
18 30 123
19 20 165
19 21 4
19 22 63
19 23 97
19 24 172
19 25 141
19 26 1
19 27 134
19 28 149
19 29 67
19 30 107
20 21 183
20 22 95
20 23 98
20 24 13
20 25 120
20 26 32
20 27 154
20 28 60
20 29 34
20 30 166
21 22 80
21 23 34
21 24 186
21 25 22
21 26 5
21 27 103
21 28 196
21 29 41
21 30 84
22 23 144
22 24 74
22 25 158
22 26 165
22 27 199
22 28 191
22 29 196
22 30 183
23 24 99
23 25 117
23 26 92
23 27 84
23 28 22
23 29 91
23 30 187
24 25 106
24 26 178
24 27 62
24 28 182
24 29 46
24 30 110
25 26 116
25 27 128
25 28 192
25 29 39
25 30 102
26 27 68
26 28 20
26 29 59
26 30 49
27 28 190
27 29 154
27 30 129
28 29 101
28 30 60
29 30 24

