20 190

1 2 32
1 3 63
1 4 76
1 5 47
1 6 74
1 7 93
1 8 32
1 9 75
1 10 84
1 11 45
1 12 99
1 13 33
1 14 75
1 15 92
1 16 38
1 17 83
1 18 74
1 19 9
1 20 11
2 3 68
2 4 94
2 5 33
2 6 17
2 7 61
2 8 45
2 9 93
2 10 6
2 11 72
2 12 17
2 13 93
2 14 1
2 15 70
2 16 6
2 17 55
2 18 90
2 19 23
2 20 96
3 4 80
3 5 66
3 6 89
3 7 89
3 8 88
3 9 7
3 10 61
3 11 61
3 12 60
3 13 34
3 14 44
3 15 53
3 16 83
3 17 75
3 18 91
3 19 17
3 20 63
4 5 27
4 6 20
4 7 28
4 8 26
4 9 75
4 10 85
4 11 77
4 12 60
4 13 57
4 14 41
4 15 33
4 16 20
4 17 12
4 18 36
4 19 85
4 20 96
5 6 18
5 7 49
5 8 13
5 9 21
5 10 23
5 11 96
5 12 26
5 13 51
5 14 67
5 15 76
5 16 55
5 17 47
5 18 93
5 19 35
5 20 49
6 7 9
6 8 97
6 9 31
6 10 69
6 11 67
6 12 67
6 13 32
6 14 69
6 15 56
6 16 82
6 17 20
6 18 57
6 19 80
6 20 49
7 8 17
7 9 59
7 10 55
7 11 90
7 12 54
7 13 46
7 14 69
7 15 67
7 16 14
7 17 93
7 18 84
7 19 56
7 20 42
8 9 100
8 10 13
8 11 47
8 12 29
8 13 66
8 14 27
8 15 6
8 16 91
8 17 20
8 18 20
8 19 84
8 20 74
9 10 48
9 11 83
9 12 59
9 13 56
9 14 35
9 15 55
9 16 99
9 17 47
9 18 81
9 19 9
9 20 76
10 11 42
10 12 82
10 13 20
10 14 83
10 15 39
10 16 39
10 17 40
10 18 6
10 19 94
10 20 9
11 12 60
11 13 73
11 14 88
11 15 57
11 16 30
11 17 30
11 18 26
11 19 74
11 20 24
12 13 58
12 14 89
12 15 10
12 16 17
12 17 2
12 18 62
12 19 53
12 20 84
13 14 6
13 15 95
13 16 17
13 17 18
13 18 22
13 19 80
13 20 100
14 15 20
14 16 94
14 17 18
14 18 8
14 19 32
14 20 2
15 16 57
15 17 16
15 18 19
15 19 63
15 20 6
16 17 23
16 18 66
16 19 10
16 20 41
17 18 99
17 19 31
17 20 61
18 19 75
18 20 73
19 20 32
