100 3 2

0.73 0.58 2.03 1.34 1.48
2.41 0.39 17.20 1.15 41.39
4.56 0.79 1.44 1.63 6.54
8.59 0.39 19.94 1.15 171.37
8.67 0.03 1.97 1.00 17.05
8.57 0.47 18.22 1.22 156.21
9.21 0.40 17.01 1.16 156.57
7.47 0.19 19.95 1.04 148.97
8.71 0.87 6.33 1.76 55.14
1.60 0.26 12.23 1.07 19.53
8.83 0.55 6.38 1.30 56.33
0.60 0.79 16.45 1.63 9.81
1.49 0.78 7.38 1.61 11.01
3.61 0.01 7.20 1.00 26.00
2.21 0.50 8.96 1.25 19.79
2.32 0.18 15.81 1.03 36.73
0.74 0.44 19.39 1.19 14.29
2.00 0.73 6.51 1.53 13.03
4.54 0.23 6.43 1.05 29.19
4.45 0.08 6.81 1.01 30.31
1.10 0.62 19.97 1.38 21.93
1.71 0.43 2.39 1.18 4.10
6.55 0.62 15.15 1.39 99.28
8.72 0.01 17.90 1.00 156.11
9.20 0.58 10.37 1.34 95.35
3.67 0.59 13.46 1.35 49.44
7.84 0.12 16.57 1.01 129.90
1.34 0.54 18.31 1.29 24.62
1.63 0.15 15.55 1.02 25.38
3.19 0.06 17.61 1.00 56.23
1.82 0.80 16.03 1.63 29.20
6.43 0.86 10.03 1.75 64.49
7.12 0.99 2.95 1.98 20.99
6.89 0.51 8.89 1.26 61.25
6.51 0.67 18.56 1.45 120.77
8.94 0.20 8.75 1.04 78.19
2.14 0.78 2.67 1.62 5.70
2.53 0.03 16.07 1.00 40.68
5.09 0.59 5.72 1.35 29.12
7.85 0.16 4.39 1.03 34.45
9.75 0.25 3.44 1.06 33.57
2.74 0.54 1.94 1.29 5.32
4.02 0.67 9.64 1.45 38.81
6.14 0.64 6.31 1.41 38.73
0.42 0.33 16.84 1.11 7.08
1.11 0.23 15.25 1.05 16.86
2.87 0.99 9.72 1.98 27.90
5.75 0.95 14.95 1.91 85.94
0.72 0.35 7.00 1.12 5.04
7.84 0.93 11.92 1.87 93.53
0.84 0.43 3.00 1.19 2.53
3.77 0.93 19.76 1.87 74.55
1.88 0.50 15.38 1.25 28.93
1.50 0.34 19.33 1.11 28.98
8.42 0.11 2.58 1.01 21.73
9.57 0.89 3.45 1.79 32.98
4.18 0.60 8.41 1.37 35.15
3.67 0.72 5.52 1.52 20.25
9.83 0.25 17.68 1.06 173.90
2.15 0.66 14.81 1.44 31.86
5.91 0.92 1.99 1.85 11.78
5.05 0.31 16.15 1.10 81.54
2.72 0.38 5.80 1.14 15.77
2.77 0.99 16.18 1.98 44.79
6.75 0.61 8.94 1.38 60.31
3.34 0.75 14.08 1.57 47.02
5.41 0.93 0.81 1.87 4.39
9.24 0.55 17.30 1.30 159.73
4.96 0.26 15.04 1.07 74.57
6.80 0.54 0.90 1.29 6.11
9.75 0.87 11.18 1.76 108.94
5.72 0.63 15.23 1.40 87.04
5.65 0.09 15.75 1.01 88.93
1.39 0.29 15.56 1.08 21.68
8.32 0.20 9.64 1.04 80.27
5.29 0.06 9.39 1.00 49.62
3.98 0.49 18.44 1.24 73.32
4.53 0.47 13.71 1.22 62.10
9.41 0.88 19.86 1.77 186.93
1.77 0.57 12.22 1.32 21.67
1.88 0.65 15.35 1.42 28.86
4.42 0.40 10.65 1.16 47.14
0.64 0.29 6.39 1.08 4.10
2.68 0.96 9.33 1.92 25.00
0.19 0.57 19.27 1.33 3.70
1.11 0.34 3.08 1.12 3.41
3.81 0.06 12.33 1.00 46.93
6.12 0.75 18.11 1.56 110.74
9.86 0.94 7.55 1.89 74.37
3.00 0.65 7.90 1.42 23.68
7.83 0.99 3.45 1.98 27.01
1.87 0.78 10.84 1.61 20.28
6.00 0.95 0.98 1.90 5.87
1.72 0.54 12.45 1.29 21.46
5.04 0.59 9.54 1.35 48.07
9.72 0.31 7.33 1.10 71.20
7.28 0.72 11.39 1.51 82.94
7.80 0.83 17.20 1.68 134.20
7.54 0.91 1.75 1.84 13.23
7.10 0.66 2.82 1.43 20.06